{'BOX10-6MLmask': (114.47322, 31.136133, 3765),
 'BOX5-1-1MLmask': (103.01391, 26.717949, 2575),
 'BOx10-7MLmask': (112.7322, 29.193432, 3195),
 'BOx8-4MLmask': (109.39244, 29.765326, 3266),
 'BOx9-5-2MLmask': (111.84209, 27.709579, 3033),
 'Mask 7-3ML': (101.39369, 27.11491, 2605)}
