{'10-6-2MLmask': (121.53197, 30.03651, 3063),
 'BOX10-6a-1ML': (118.69422, 31.147974, 3329),
 'BOx7-3-1MLmask': (107.58983, 28.024303, 3010),
 'BOx7-3-2MLmask': (94.39505, 32.606609, 3120),
 'Mask6-2a-1ML': (115.27302, 40.431, 2916),
 'Mask6-2a-2ML': (108.97678, 37.366245, 3254),
 'Mask6-2bisML': (112.7478, 34.164009, 3086),
 'Mask7-3a-2ML': (110.84126, 30.035727, 3265)}
